00220201
00241301
00262401
00283501
00325701
00327501
00331501
00332801
00338101
00346801
00348601
00367901
00369701
00386901
00389001
00390801
00410101
00411901
00417201
00425101
00431201
00433001
00439101
00439601
00440401
00440901
00443601
00445701
00446201
00452301
00458101
00459401
00473401
00475201
00494502
00496301
00521401
00557001
00559601
00580701
00622901
00657201
00658501
00659801
00663801
00665101
00666401
00670402
00671701
00673001
00674301
00679601
00686201
00687501
00688801
00699401
00700701
00707301
00721801
00742901
00749501
00764001
00770601
00785101
00875501
00878701
00890001
00896601
00922201
00923001
00932201
00938801
00953301
00995501
01002101
01006601
01044301
01046101
01063301
01065401
01067201
01086501
01088301
01240001
01354701
01377101
01385001
01603901
01610501
01636901
01640301
01654801
01661401
01673801
01675901
01702301
01711501
01718101
01747101
02203901
02489501
02504001
02550701
02557301
02558602
02581801
02588401
02610001
02617901
02620601
02621901
02623201
02628501
02629801
02631101
02635101
02636402
02659601
02666201
02670701
02672801
02677301
02693901
02698401
02701001
02707601
02722901
02730001
02758501
02784101
02792001
02793301
02813101
02818401
03181001
03204201
03237701
03240301
03245102
03265401
03266201
03301802
03316302
03324202
03516702
03537802
03580001
03585301
03586602
03587101
03592401
03606401
03607702
03609001
03615602
03618801
03620902
03622202
03622701
03627501
03665702
03672301
03698701
03711101
03713201
03757201
03761201
03763302
03797601
03811301
03812601
03825301
03839801
03886501
03935301
03936101
03937401
03999401
04205102
04276302
04374401
04391001
04419201
04665302
04666601
04671902
04678502
04690901
04698801
04705401
04744901
04757601
04771301
04772601
04900001
